.Random.seed <-
c(403L, 10L, 1773174083L, -342560543L, -402683312L, 662288046L, 
586809945L, -1033688469L, 207396826L, -449060708L, -1533308257L, 
-2052898571L, -957396596L, 1432151138L, 20194365L, 2079213239L, 
464807262L, 1532046488L, -587827205L, -53461607L, -1843642840L, 
927319766L, -185134255L, 2072393219L, -88770158L, -1841461468L, 
-1938167321L, -217627075L, 351760564L, -850663654L, -480916379L, 
-180763393L, -1681611386L, -265069808L, 1734877107L, -517430191L, 
-1451505664L, 384981214L, -1719921879L, 1252003547L, -865952278L, 
-133601908L, 1873984207L, 1108608645L, 822945084L, -2097747950L, 
130139917L, 1701389383L, 1006765614L, -1154748536L, -1559975285L, 
-422429591L, 138125368L, 1562274022L, 1773965441L, -1533269997L, 
1489452994L, 655935604L, -1535402377L, -2085027987L, -1605926908L, 
1270250282L, -209985387L, -1314758865L, 2086725174L, 243024480L, 
-385236829L, 670028737L, 1771118512L, -907973938L, -1308862407L, 
1007574603L, 1817994234L, 219320060L, -188103873L, 2037222421L, 
-1447467220L, -130266110L, 818376413L, 1281768919L, -1802987330L, 
-1203975432L, -1160818469L, 1423201081L, -2057070968L, -352591306L, 
-1641760143L, 1161281699L, 1297582578L, 1778608452L, -1717059065L, 
1393250269L, 500898004L, 449374202L, 1224187717L, 437701535L, 
-1014660826L, 645263792L, 619162195L, -735767183L, 694351008L, 
-1976150978L, 1410800457L, 1718897147L, 833957322L, -1944886484L, 
-1102378193L, 1827525093L, 1606802588L, -2082473742L, -1690914451L, 
1559297703L, 1721839822L, -736535000L, -1330633173L, -1466192823L, 
324267352L, -1571335162L, 430052833L, -1129873549L, -1923294238L, 
-1616219308L, -1296490921L, -1042332083L, -934921756L, -2035674166L, 
-2057234891L, -1901708145L, -1496902250L, 1997384000L, 565650435L, 
1717294625L, 1735508240L, 2128948974L, 1667551897L, -1612305621L, 
-1041631718L, -2070438692L, -5467937L, 164937397L, -910739380L, 
1497515170L, -140979203L, 838865143L, 1746318878L, 2142390488L, 
-985187269L, 553764313L, -1473977496L, -51409258L, 1756637201L, 
-856192573L, 1767486930L, -865010588L, 321031079L, 135308541L, 
-1947221772L, 1725904858L, -1441731803L, 567966271L, -555793978L, 
-2118388144L, -773731725L, -698339695L, 152188608L, -1748197218L, 
141315177L, -1904224101L, 782129578L, -291290676L, 1773481103L, 
-566778683L, -1837751172L, 809539794L, -484394931L, -545361657L, 
780059886L, 1751182792L, 382522059L, -1893524695L, 351386488L, 
-1301364570L, 734673601L, -2146849965L, -975349758L, 1532491060L, 
-1194262857L, 1917788845L, 2119496644L, 1741167594L, -1975409579L, 
-550012433L, -498408970L, -914573536L, 1578789091L, 2053455233L, 
619715568L, -825752946L, 1001059833L, -193648757L, 1012806586L, 
-254096708L, 1464500735L, 1599377237L, 1921566828L, 112049346L, 
807360285L, 1613172119L, 1500163326L, -1392740680L, 514689179L, 
321005305L, 1389357128L, 903207798L, 999095985L, -1560861L, 45841842L, 
-1493375484L, -1291592377L, -2029283299L, -1614725484L, -41519558L, 
1638307973L, -966685345L, -1324784154L, 416521328L, 1893285779L, 
1551505457L, 584472288L, -677069872L, -779227870L, 1419085480L, 
1472174988L, -135500612L, -430422222L, -1607910848L, -1581256524L, 
522836552L, -1006973510L, 1893061136L, 1476294380L, -1475213996L, 
1065956626L, -102291040L, 734607052L, 948543072L, -1651553342L, 
1138486056L, 1264954284L, 1426030396L, 1981709682L, 1233645360L, 
-113298140L, 323212088L, -1568911654L, -903930992L, -612594948L, 
1921045396L, -6234046L, 720441600L, -1503798212L, -454306480L, 
-267726686L, 1560905032L, 822549260L, 937319132L, 1897603410L, 
1353853056L, -738907052L, -467332120L, 363195642L, -991580336L, 
-1882491092L, -2073698956L, 788316050L, -1635373984L, -718715508L, 
516178784L, -587618846L, -193850456L, 2022987980L, -185560068L, 
-10899022L, -1637499408L, 366387140L, 1007880536L, -1605415558L, 
708114352L, 1629281724L, 1371558996L, -670300222L, -244946912L, 
152977596L, 1450968656L, 1078704098L, -1958389656L, -697968564L, 
69297404L, 926373874L, -1632568064L, 656725364L, 108281864L, 
1590186938L, 2070861264L, -1360506900L, -1507334764L, 1341317586L, 
1155881312L, -1513694388L, 639480096L, 63047554L, 1870757608L, 
-82728724L, 1315506236L, 717307762L, -406434192L, 1045609508L, 
1108528952L, 1098824858L, -1111047472L, 765972668L, -790823276L, 
1447849602L, 1050181824L, 1458415420L, -1056870256L, -1001390558L, 
-829494264L, -1474941684L, -29016932L, 909423122L, -1543498880L, 
-292739564L, 540737064L, 1181531450L, -1882722864L, -1001506708L, 
891503924L, 2139212434L, -1439957152L, -848097460L, 2014435296L, 
-714077278L, -1082377304L, -1799624308L, -32019268L, -702611086L, 
1182243056L, -766289852L, 695657816L, -442594758L, 2110214000L, 
-1457845188L, 1392882452L, -1576258110L, 1344339680L, 1391471484L, 
-177880368L, 1645862050L, -208183256L, 781302028L, -895845444L, 
-1850135246L, 56713664L, -1439196620L, 1539534792L, 1933847738L, 
528560528L, 1155568108L, 2065147476L, 1513534610L, -278805728L, 
1351426508L, 1803462112L, 2071353026L, 645429288L, -1663957332L, 
-1999138628L, -27157006L, -2060145360L, -1740594012L, -36509000L, 
246913370L, 1565763984L, 977491836L, 1239386388L, 1802698562L, 
450940672L, -255429700L, 1339310928L, -141168862L, -1102072504L, 
-152982004L, -134158244L, -2124353326L, -288285184L, -217783980L, 
-1840853528L, -970396678L, 1009335504L, 494131500L, 877377268L, 
-1953538670L, -2020659104L, 1275442444L, -1398117664L, -1314583198L, 
-80371032L, -1645843892L, -557173380L, -200120014L, 2041543792L, 
171223876L, 924189144L, 1052599418L, -1792088528L, 2056577724L, 
1715082068L, -1286250430L, 617286048L, -1703356740L, -1845375536L, 
1412902242L, -292640792L, -297934900L, -1664957700L, -696760846L, 
-261718912L, -973350668L, -2047640952L, 1982671674L, -474925232L, 
650295916L, -872757100L, 311148882L, -1477908768L, -550218036L, 
-956376928L, 851515266L, -701790488L, 1773141740L, -2049531844L, 
-566385038L, -1546816400L, -1023223260L, 1003006008L, -1218088934L, 
1414964944L, -627532740L, -150496108L, -1685895038L, 276856768L, 
414026044L, -930716016L, 140042274L, -445483000L, -438323166L, 
656551735L, 136327681L, -1562350842L, -946587836L, 1985333877L, 
-624776225L, 1309732664L, 1756100886L, 1754424611L, 1621120741L, 
-1541001470L, -431897232L, -1619577575L, -1682060021L, -137277956L, 
1278502442L, 1585606239L, 2006224361L, -1058861314L, 1016303340L, 
-1237057987L, 1508822535L, 1008853488L, 1447944590L, 1288906683L, 
-81161827L, 902303562L, 391541608L, 1924130129L, 1321559619L, 
1610713924L, -1434232846L, 1945548231L, 128818065L, -1579609322L, 
1992763252L, -2107591163L, 779304527L, 1869306440L, -323122202L, 
-1252711149L, -944571787L, 665110610L, -560862560L, -2083620983L, 
-1656814661L, 515212300L, 1120166298L, 1429053711L, -563654823L, 
-2074590738L, -1846809476L, 2108659949L, -1404481641L, -462784416L, 
608557630L, 15633163L, 341676429L, -1027564870L, 1966756088L, 
303746721L, -466295213L, -1025762956L, 1427529474L, -1522026601L, 
-1239287455L, 698745254L, 173085604L, -750195115L, -738799873L, 
-1678314600L, 2041193654L, -751652541L, 489744517L, 134844706L, 
-1867357680L, -2082903623L, 1798261355L, 1713218908L, 1844515978L, 
-329319297L, 674371017L, 271019614L, 270331148L, -1242400547L, 
-1497360921L, -418443760L, 439747374L, -1482913829L, -1639868227L, 
-1714908630L, -989282616L, -841159695L, 986824035L, -342903452L, 
-1221724014L, 835997031L, -1576151247L, 2068827254L, -1951631980L, 
-491724379L, -2134443345L, 30051176L, 1061517126L, -470962445L, 
-1789800363L, 1974635570L, 16837120L, -651851031L, -1670221477L, 
1951488940L, 1816025018L, 529588591L, -389436679L, 1269048206L, 
-218149284L, 1302265037L, 137806903L, 1401917120L, 953350558L, 
1848713835L, 2036017645L, 956471386L, 1431627544L, 2138336385L, 
600078899L, -1503098796L, -1807823774L, -548756745L, -1508078271L, 
-31622202L, -1066039036L, 1820403893L, 720263071L, 821000184L, 
611019222L, -306778013L, 411722789L, -792005694L, 1738344624L, 
-672291623L, -497917365L, -613408580L, 822744810L, -303429857L, 
